0,0.32727,-0.054545,0.054545,0,-0.10909,0.10909,0,0,-0.054545,0,-0.27273,0,0.054545,-0.054545,-0.054545,-0.054546,0,0,0,0,0,0,0,0,0,0,0,0,0,0,0,0,0,0,0,0,0,0,0,0,0,0,0,0,0,0,0,0,0,0,0,0,0,0,0,0,0,0,0,0,0,0,0,0,0,0,0,0,0,0,0,0,0,0,0,0,0,0,0
0,0,-0.13383,0.02115,-0.013774,-0.066913,0.066913,-0.013774,-0.066913,-0.13383,0,-0.26765,-0.013774,-0.066913,0,-0.13383,-0.066913,0,-0.066913,-0.066913,0,0,0,0,0,0,0,0,0,0,0,0,0,0,0,0,0,0,0,0,0,0,0,0,0,0,0,0,0,0,0,0,0,0,0,0,0,0,0,0,0,0,0,0,0,0,0,0,0,0,0,0,0,0,0,0,0,0,0,0
0,0.21818,0,0.21818,0,-0.054546,0,0,0,-0.054545,0,-0.21818,0,-0.10909,0,-0.10909,-0.10909,0,-0.10909,0,0,0,0,0,0,0,0,0,0,0,0,0,0,0,0,0,0,0,0,0,0,0,0,0,0,0,0,0,0,0,0,0,0,0,0,0,0,0,0,0,0,0,0,0,0,0,0,0,0,0,0,0,0,0,0,0,0,0,0,0
0,0,0,1.2,0,0,0,0,0,0,0,0,0,0,0,0,0,0,0,0,0,0,0,0,0,0,0,0,0,0,0,0,0,0,0,0,0,0,0,0,0,0,0,0,0,0,0,0,0,0,0,0,0,0,0,0,0,0,0,0,0,0,0,0,0,0,0,0,0,0,0,0,0,0,0,0,0,0,0,0
0,0,-0.18214,0,0,-0.14465,0,0,0,0,0,-0.18214,0,0,-0.14465,0,0,0,0,-0.54642,0,0,0,0,0,0,0,0,0,0,0,0,0,0,0,0,0,0,0,0,0,0,0,0,0,0,0,0,0,0,0,0,0,0,0,0,0,0,0,0,0,0,0,0,0,0,0,0,0,0,0,0,0,0,0,0,0,0,0,0
-0.057143,0.11429,0.057143,0.057143,0,-0.057143,-0.057143,0,0,-0.14286,-0.057143,-0.14286,0,0,-0.057143,-0.057143,-0.11429,-0.057143,-0.11429,-0.057143,0,0,0,0,0,0,0,0,0,0,0,0,0,0,0,0,0,0,0,0,0,0,0,0,0,0,0,0,0,0,0,0,0,0,0,0,0,0,0,0,0,0,0,0,0,0,0,0,0,0,0,0,0,0,0,0,0,0,0,0
0.08,0.08,0.08,0.24,0.08,0.08,0,0,0,0,0.16,0,0.08,0,0.08,0,0,0.08,-0.08,-0.08,0,0,0,0,0,0,0,0,0,0,0,0,0,0,0,0,0,0,0,0,0,0,0,0,0,0,0,0,0,0,0,0,0,0,0,0,0,0,0,0,0,0,0,0,0,0,0,0,0,0,0,0,0,0,0,0,0,0,0,0
0,0.17143,0.17143,0.17143,0.17143,0,0,0.089495,0,0,0,0,0,0,0,-0.081933,0,0,0,-0.34286,0,0,0,0,0,0,0,0,0,0,0,0,0,0,0,0,0,0,0,0,0,0,0,0,0,0,0,0,0,0,0,0,0,0,0,0,0,0,0,0,0,0,0,0,0,0,0,0,0,0,0,0,0,0,0,0,0,0,0,0
0,0,0,0,0,0,0,0,0,0,0,0,0,0,0,0,0,0,-0.6,0.6,0,0,0,0,0,0,0,0,0,0,0,0,0,0,0,0,0,0,0,0,0,0,0,0,0,0,0,0,0,0,0,0,0,0,0,0,0,0,0,0,0,0,0,0,0,0,0,0,0,0,0,0,0,0,0,0,0,0,0,0
0,0.6,-0.6,0,0,0,0,0,0,0,0,0,0,0,0,0,0,0,0,0,0,0,0,0,0,0,0,0,0,0,0,0,0,0,0,0,0,0,0,0,0,0,0,0,0,0,0,0,0,0,0,0,0,0,0,0,0,0,0,0,0,0,0,0,0,0,0,0,0,0,0,0,0,0,0,0,0,0,0,0
0.086002,0,0,-0.056522,0,0.086002,0,0,0.086002,0,0.086002,0.21659,0,0,0.086002,0.19429,0,0.086001,0,0.21659,0,0,0,0,0,0,0,0,0,0,0,0,0,0,0,0,0,0,0,0,0,0,0,0,0,0,0,0,0,0,0,0,0,0,0,0,0,0,0,0,0,0,0,0,0,0,0,0,0,0,0,0,0,0,0,0,0,0,0,0
0,0,0.2,0,0,0,0,0.2,0.2,0,-0.2,0.2,0,0,0,0,0,0,0.2,0,0,0,0,0,0,0,0,0,0,0,0,0,0,0,0,0,0,0,0,0,0,0,0,0,0,0,0,0,0,0,0,0,0,0,0,0,0,0,0,0,0,0,0,0,0,0,0,0,0,0,0,0,0,0,0,0,0,0,0,0
0.0097093,-0.23584,0.094336,-0.037459,0.009709,0.094336,-0.047168,0.0097095,0.0097094,0.094336,0.0097092,0.18867,0.0097094,0,0.094336,0.0097095,0.094336,0.0097095,0.047168,0.094336,0,0,0,0,0,0,0,0,0,0,0,0,0,0,0,0,0,0,0,0,0,0,0,0,0,0,0,0,0,0,0,0,0,0,0,0,0,0,0,0,0,0,0,0,0,0,0,0,0,0,0,0,0,0,0,0,0,0,0,0
0,0,0,0,0.34286,0,0,0,0,0.17143,0,0,0,0.34286,0,0,0.34286,0,0,0,0,0,0,0,0,0,0,0,0,0,0,0,0,0,0,0,0,0,0,0,0,0,0,0,0,0,0,0,0,0,0,0,0,0,0,0,0,0,0,0,0,0,0,0,0,0,0,0,0,0,0,0,0,0,0,0,0,0,0,0
0,0,0,-0.4,0,0,0,0,0,0,0,0,0,0,0,0.4,0,0,0,-0.4,0,0,0,0,0,0,0,0,0,0,0,0,0,0,0,0,0,0,0,0,0,0,0,0,0,0,0,0,0,0,0,0,0,0,0,0,0,0,0,0,0,0,0,0,0,0,0,0,0,0,0,0,0,0,0,0,0,0,0,0
0,-0.24,-0.12,-0.24,-0.12,0.060001,0,-0.062645,0,0,0,0.060001,0,0,0,0.17735,0,0,0,0.12,0,0,0,0,0,0,0,0,0,0,0,0,0,0,0,0,0,0,0,0,0,0,0,0,0,0,0,0,0,0,0,0,0,0,0,0,0,0,0,0,0,0,0,0,0,0,0,0,0,0,0,0,0,0,0,0,0,0,0,0
0,-0.2,-0.2,-0.4,0,0,0,0,0,0,0,0,0,0,0,0,0,0,0.2,0.2,0,0,0,0,0,0,0,0,0,0,0,0,0,0,0,0,0,0,0,0,0,0,0,0,0,0,0,0,0,0,0,0,0,0,0,0,0,0,0,0,0,0,0,0,0,0,0,0,0,0,0,0,0,0,0,0,0,0,0,0
0,-0.15,0,-0.15,0,0,0.15,0,0,0.3,0,0.15,0,0,0,0.15,0.15,0,0,0,0,0,0,0,0,0,0,0,0,0,0,0,0,0,0,0,0,0,0,0,0,0,0,0,0,0,0,0,0,0,0,0,0,0,0,0,0,0,0,0,0,0,0,0,0,0,0,0,0,0,0,0,0,0,0,0,0,0,0,0
0,-0.08,0.08,0,0,0.08,-0.08,0,0,0.08,0,0.32,0,0.08,0,0.08,0.08,0,0.08,0.16,0,0,0,0,0,0,0,0,0,0,0,0,0,0,0,0,0,0,0,0,0,0,0,0,0,0,0,0,0,0,0,0,0,0,0,0,0,0,0,0,0,0,0,0,0,0,0,0,0,0,0,0,0,0,0,0,0,0,0,0
0,-0.15484,0.077419,-0.077419,-0.077419,0.077419,0,0,0,0.11613,0,0.23226,0,0,0,0,0.077419,0,0.23226,0.077419,0,0,0,0,0,0,0,0,0,0,0,0,0,0,0,0,0,0,0,0,0,0,0,0,0,0,0,0,0,0,0,0,0,0,0,0,0,0,0,0,0,0,0,0,0,0,0,0,0,0,0,0,0,0,0,0,0,0,0,0
0,0,0,0,0,0,0,0,0,0,0,0,0,0,0,0,0,0,0,0,0,0,0,0.17143,0,0,0,0,-0.17143,0,0,0,0,0,0,0,0,0,0,0,0,0,0,0,0,0,0,0,0,0,0,0,0,0,0,0,0,0.17143,0.17143,0,0,0,0,0,0.51429,0,0,0,0,0,0,0,0,0,0,0,0,0,0,0
0,0,0,0,0,0,0,0,0,0,0,0,0,0,0,0,0,0,0,0,0,0,0.23077,0.18462,0.27692,0,0,0,0.046154,0,0,0,0,0,0.046154,0.18462,0,0,0,0,0,0,0,0,0,0,0,0,0,0,0.046154,0,0,0,0,0,0.046154,0,0,0,0,0,0,0,0.046154,0,0,0,0,0,0,0,0,0,0,0.092308,0,0,0,0
0,0,0,0,0,0,0,0,0,0,0,0,0,0,0,0,0,0,0,0,0,0,0,0,0,0,0.066667,0.066667,0.13333,0,0,0,0,-0.2,0,0,0,0.066667,0.066667,0,0,0,-0.2,-0.066667,0,0,0,0,-0.066667,0,0,0,0,0,0,0,0,0.066667,0,0,0,0,0,0,0,0,0,0,0,0,0,0,0.066667,0,0.066667,0,0,0,0.066666,0
0,0,0,0,0,0,0,0,0,0,0,0,0,0,0,0,0,0,0,0,0,0,0.12999,0.064993,0.064993,-0.081738,-0.12999,0,0,-0.013378,0,0,0,0.064993,0.12999,0.12999,0,0,0,0,0.12999,0,0.12999,0.064993,0,0,0,0,0,0,0,0,0,0,0,0,0,0,0,0,0,0,0,0,-0.064993,0,0,0,0,0,0,0,0,0,0,0,0,0,0,0
0,0,0,0,0,0,0,0,0,0,0,0,0,0,0,0,0,0,0,0,0,0,0,0,0,0.011891,0.092308,0.024089,0.13846,0,0,0.036653,0,-0.046154,0,0,0.036653,0.082807,0.046154,0,-0.092308,0,-0.18462,-0.046154,0,0,0,0,0,0.036653,0,0,0,0,0,0.055654,0.092308,0,0,0,0,0,0,0,0,-0.046154,0,0,0,0,0,0,0.024089,0,0.082807,0,0,0,0.024089,0
0,0,0,0,0,0,0,0,0,0,0,0,0,0,0,0,0,0,0,0,0,0,0,0,0,0.10909,0.21818,0,0,0,0,0,0,-0.10909,-0.10909,-0.10909,0,0,0,0,-0.10909,0,-0.10909,-0.10909,0,0,0,0,0,0,0,0,0,0,0,0.054545,0.054545,0.10909,0,0,0,0,0,0,0,0,0,0,0,0,0,0,0,0,0,0,0,0,0,0
0,0,0,0,0,0,0,0,0,0,0,0,0,0,0,0,0,0,0,0,0,0,0.13846,0.13846,0.13846,-0.023077,0,0.046154,0.092308,0,0,0,-0.023077,0.023077,0.092308,0.092308,0,0.046154,0.046154,0,0.023077,0,0,0.046154,0,0,0,0,0,0,0,0,0,0,0.023077,0,0,0.023077,0,0,0,0,0,0,0.046154,0,0,0,0,0,0,0,0.046154,0,0.046154,0,0,0,0.046154,0
0,0,0,0,0,0,0,0,0,0,0,0,0,0,0,0,0,0,0,0,0,0,0,0.15,0,0,0,0.15,0,0,0,0,0,0,0,0,0,0,0,0,0,0,0,0,0,0,0,0,0,0,0,0,0,0,0,0,0,0,0.15,0,0,0,0,0,0.45,0,0,0,0,0,0,0,0.15,0,0,0,0,0,0.15,0
0,0,0,0,0,0,0,0,0,0,0,0,0,0,0,0,0,0,0,0,0,0,0,0,0,0,0,0,0,0,0,0,0,0,0,0,0,0,0,0,0,0,0,0,0,0,0,0,0,0,0,0,0,0,0,0,0,0,0,0,0,0,0,0,0,0,0,0,0,0,0,0,0,0,0,0,0,0,0,0
0,0,0,0,0,0,0,0,0,0,0,0,0,0,0,0,0,0,0,0,0,0,0,0,0,-0.069358,0,0,-0.047435,0,0,0,0,0.15299,0,0,0,0,0,0,0.13872,0,0.27743,0.15299,0,0,0,0,0.13872,0,0,0,0,0,0,0,0,0.153,0,0,0,0,0,0,0,0.069358,0,0,0,0,0,0,0,0,0,0,0,0,0,0
0,0,0,0,0,0,0,0,0,0,0,0,0,0,0,0,0,0,0,0,0,0.19263,0,0,0,0,0.10737,0,0,0,0,0,0,0,0,-0.10737,0,0,0,0,0,0,-0.21473,0,0,0,0,0,0,0,0.085267,0,0,0,0.19263,0.21473,0,0.085263,0,0,0,0,0,0,0,0,0,0,0,0,0,0,0,0,0,0,0,0,0,0
0,0,0,0,0,0,0,0,0,0,0,0,0,0,0,0,0,0,0,0,0,0,-0.092308,-0.092308,-0.092308,0.18462,0.18462,0,0,0.046154,0,0,0,-0.092308,-0.092308,-0.092308,0,0,0,0,-0.092308,0,-0.092308,-0.046154,0,0,0,0,0,0,0,0,0,0,0,0,0,0,0,0,0,0,0,0,0,0,0,0,0,0,0,0,0,0,0,0,0,0,0,0
0,0,0,0,0,0,0,0,0,0,0,0,0,0,0,0,0,0,0,0,0,0,0.05,0.05,0.05,0,0,0.05,0.1,0,0,0.05,0,0.05,0,0,0,0.05,0.05,0,0,0,0,0,0,0,0,0,0.1,0,0,0,0,0,0,0.05,0,0,0,0,0,0,0,0,0.15,0.1,0.05,0,0,0,0,0,0.05,0,0.05,0.1,0,0,0.05,0
0,0,0,0,0,0,0,0,0,0,0,0,0,0,0,0,0,0,0,0,0,0,0.13846,0.13846,0.23077,-0.023077,0,0,0,0,0,0,0,0.046154,0.046154,0.13846,0,0,0,0.092307,0.023077,0,0,0.046154,0,0,0,0,0,0.092307,0,0,0,0,0,0.023077,0.069233,0,0.092308,0,0,0,0,0,0,0,0,0,0,0,0,0,0,0,0,0,0,0,0,0
0,0,0,0,0,0,0,0,0,0,0,0,0,0,0,0,0,0,0,0,-0.052174,0,0,-0.052174,0,0.052174,0.10435,0.10435,0.052174,0,0.10435,0.052174,0,0,-0.10435,-0.10435,0,0,0,0,0,0.052174,-0.052174,0,0,0,0,0,0.052174,0,0,0,0,0,0,0.052174,0,0.052174,0.052174,0,0,0,0,0,0,0.052174,0,0,0,0,0,0,0,0,0,0,0,0,0.052174,0
0,0,0,0,0,0,0,0,0,0,0,0,0,0,0,0,0,0,0,0,0,0,0.063158,0.12632,0.12632,0,0,0,0.063158,0,0,0,0,0.063158,0.12632,0.12632,0,0.063158,0,0.063158,0,0,0.063158,0.12632,0,0,0,0,0.063158,0.063158,0.063158,0,0,0,0,0,0,0,0,0,0,0,0,0,0,0,0,0,0,0,0,0,0,0,0,0,0,0,0,0
0,0,0,0,0,0,0,0,0,0,0,0,0,0,0,0,0,0,0,0,0,0,0.12294,0.12294,0.18441,-0.061469,0,0,-0.032088,0,0,-0.061469,0,0.061469,0.12294,0.12294,0,0,0,0,0.061469,0,0.061469,0.061469,0,0,0,0,0.061469,0,0,0,0,0,0,0,0,0,0,0,0,0,0,0,0.061469,0,0,0,0,0,0,0,0,0,0,0,0,0,0,0
0,0,0,0,0,0,0,0,0,0,0,0,0,0,0,0,0,0,0,0,0,0,-0.047099,-0.0471,-0.0471,0.094199,0.094199,0.0471,0.094199,0.0471,0.0471,0.094199,0,0,-0.094199,-0.094199,0.024589,0.0471,0.02251,0,-0.0471,0,0,0,0,0,0,0,0.094199,0.024588,0,0,0,0,0,0,0,0,0,0,0,0,0,0,0,0.0471,0,0,0,0,0,0,0,0,0.022511,0,0,0,0.022512,0
0,0,0,0,0,0,0,0,0,0,0,0,0,0,0,0,0,0,0,0,0,0,0.14118,0.14118,0.28235,-0.070588,0,0,0,0,0,0,0,0,0.14118,0.14118,0,0,0,0.070588,0.070588,0,0,0,0,0,0,0,0,0.070587,0,0,0,0,0,0,0,0,0.070588,0,0,0,0,0,0,0,0,0,0,0,0,0,0,0,0,0,0,0,0,0
0,0,0,0,0,0,0,0,0,0,0,0,0,0,0,0,0,0,0,0,0,0,0.22511,0,0,0.16711,0.22511,0,0,0.17877,0,0,0,0,0,0,0,0,0,0,0,0,0,0,0,0,0,0,0,0,0,0,0,0,0,0,0,0.22511,0,0,0,0,0,0,0,0,0.17877,0,0,0,0,0,0,0,0,0,0,0,0,0
0,0,0,0,0,0,0,0,0,0,0,0,0,0,0,0,0,0,0,0,0,0,0,0,0,0.20711,0,0,0,0,0,0,0,-0.20711,0,0,0,0,0,0,0,0,0,0,0,0,0,0,-0.20711,0,0,0,0,0,0,0,0,-0.20711,0,0,0,0,0,0,0,-0.20711,-0.16447,0,0,0,0,0,0,0,0,0,0,0,0,0
0,0,0,0,0,0,0,0,0,0,0,0,0,0,0,0,0,0,0,0,0,0,0.041169,0,0,0,0.2,0,0,0,0,0,0,0,0,0,0,0,0,0.15883,0,0,0,0,0,0,0,0,0,0.15883,0,0,0,0,0,0,0.4,0.24117,0,0,0,0,0,0,0,0,0,0,0,0,0,0,0,0,0,0,0,0,0,0
0,0,0,0,0,0,0,0,0,0,0,0,0,0,0,0,0,0,0,0,0,0,-0.05,-0.05,-0.05,0.1,0.1,0.1,0.05,0.05,0.1,0.05,0,0,-0.1,-0.1,0,0.05,0,0,-0.1,0,0,0,0,0,0,0,0.1,0,0,0,0,0,0,0,0,0,0,0,0,0,0,0,0,0,0,0,0,0,0,0,0,0,-0.05,0,0,0,0,0
0,0,0,0,0,0,0,0,0,0,0,0,0,0,0,0,0,0,0,0,0,0,0,-0.063158,0,0.063158,0.12632,0,0,0.063158,0.063158,0.063158,0,-0.063158,-0.12632,-0.12632,0,0,0,0,-0.063158,0,-0.063158,-0.063158,0,0,0,0,0,0,0,0,0,0,0,0.031578,0,0.094736,0.063158,0,0,0,0,0,0,0,0,0,0,0,0,0,-0.063158,0,0,0,0,0,0,0
0,0,0,0,0,0,0,0,0,0,0,0,0,0,0,0,0,0,0,0,0,0,0,0,0,0,0,0,0,0,0,0,0,-0.6,0,0,0,0,0,0,0,0,-0.6,0,0,0,0,0,0,0,0,0,0,0,0,0,0,0,0,0,0,0,0,0,0,0,0,0,0,0,0,0,0,0,0,0,0,0,0,0
0,0,0,0,0,0,0,0,0,0,0,0,0,0,0,0,0,0,0,0,0,0,0,0,0,0,0,0,0,0,0,0,0,0,0,0,0,0,0,0,0,0,0,0,0,-0.17143,0,0,0,0,0,0,0,0,0,0,0,0,0,0,0.34286,0,0,0,0,0,0,0.34286,0,0,0,0,0,0,0,0,0.17143,0,0,0.17143
0,0,0,0,0,0,0,0,0,0,0,0,0,0,0,0,0,0,0,0,0,0,0,0,0,0,0,0,0,0,0,0,0,0,0,0,0,0,0,0,0,0,0,0,1.2,0,0,0,0,0,0,0,0,0,0,0,0,0,0,0,0,0,0,0,0,0,0,0,0,0,0,0,0,0,0,0,0,0,0,0
0,0,0,0,0,0,0,0,0,0,0,0,0,0,0,0,0,0,0,0,0,0,0,0,0,0,0,0,0,0,0,0,0,0,0,0,0,0,0,0,0,0,0,0,0.23654,0.18785,0,0,0,0,0,0,0.23654,0,0,0,0,0,0,0,0,0.1756,0,0,0,0,0,0,0.1756,0.18785,0,0,0,0,0,0,0,0,0,0
0,0,0,0,0,0,0,0,0,0,0,0,0,0,0,0,0,0,0,0,0,0,0,0,0,0,0,0,0,0,0,0,0,0,0,0,0,0,0,0,0,0,0,0,0.28531,0,0,0,0,0,0,0,0.28532,0,0,0,0,0,0,0,0,0.05874,0,0.57063,0,0,0,0,0,0,0,0,0,0,0,0,0,0,0,0
0,0,0,0,0,0,0,0,0,0,0,0,0,0,0,0,0,0,0,0,0,0,0,0,0,0,0,0,0,0,0,0,0,0,0,0,0,0,0,0,0,0,0,0,0,0.2,0.2,0,0,0,0,0,0.4,0,0,0,0,0,0,0,0,0,0,0,0,0,0,0,0.4,0,0,0,0,0,0,0,0,0,0,0
0,0,0,0,0,0,0,0,0,0,0,0,0,0,0,0,0,0,0,0,0,0,0,0,0,0,0.18947,0,0,0,0,0,-0.063158,0.063158,0,0,0,0,0,0,-0.12632,0,-0.12632,0,0,0,0,0,0,0,0,0,0,0,0.063158,0.18947,0.12632,0.12632,0,0,0,0,0,0,0,-0.12632,0,0,0,0,0,0,0,0,0,0,0,0,0,0
0,0,0,0,0,0,0,0,0,0,0,0,0,0,0,0,0,0,0,0,0,0,-0.18524,0,0,0,0.18524,0,-0.12669,0,0,0,0,0,0,0,0,0,0,0,0,0,0,0,0,0,0,0,0,0,0,0,0,0,0,0.33235,0,0.37048,0,0,0,0,0,0,0,0,0,0,0,0,0,0,0,0,0,0,0,0,0,0
0,0,0,0,0,0,0,0,0,0,0,0,0,0,0,0,0,0,0,0,0,0,0,0,0,0.11758,0.11758,0,0,0,0,-0.11758,-0.11758,0,0,0,0,0,0,0,-0.11758,0,-0.11758,0.11758,0,0,0,0,-0.11758,0,0,0,0,0,0.11758,0,0.11758,0,0,0,0,0,0,0,0,0,-0.024203,0,0,0,0,0,0,0,0,0,0,0,0,0
0,0,0,0,0,0,0,0,0,0,0,0,0,0,0,0,0,0,0,0,0,0,0,0,0,0,0,0,0,0,0,0,0,0,0,0,0,0,0,0,0.6,0,0,0,0,0,0,0,0,0,0,0,0,0,0,0,0,0,0,0,0,0,0,0,0,0.6,0,0,0,0,0,0,0,0,0,0,0,0,0,0
0,0,0,0,0,0,0,0,0,0,0,0,0,0,0,0,0,0,0,0,0,0,0,0,0,0,0,0,0,0,0,0,0,0,0,0,0,0,0,0,0,0,0,0,0,0,0,0,0,0,0,0,0,0,0,0,0,1.2,0,0,0,0,0,0,0,0,0,0,0,0,0,0,0,0,0,0,0,0,0,0
0,0,0,0,0,0,0,0,0,0,0,0,0,0,0,0,0,0,0,0,0,0,0,0,0,0,0,0,0,0,0,0,0,0,0,0,0,0,0,0,0,0,0,0,0,0,0,0,0,0,0,0,0,0,0,0,0,0,0,0,0,0,0,0,0,0,0,0,0,0,0,0,0,0,0,0,0,0,0,0
0,0,0,0,0,0,0,0,0,0,0,0,0,0,0,0,0,0,0,0,0,0,0,0,0,0,0,0,0,0,0,0,-0.2,0,0.2,0,0,0,0,0,0,0,0,0.2,0,0,0,0,0,0,0,0,0,0,0.2,0,0,0,0,0,0,0,0,0,0.2,0,0,0,0,0,0,0,0,0,0,0.2,0,0,0,0
0,0,0,0,0,0,0,0,0,0,0,0,0,0,0,0,0,0,0,0,0,0,0,0,0,0,0,0,0,0,0,0,0,0,0,0,0,0,0,0,0,0,0,0,-0.8,0,0,0,0,0,0,0,0,0,0,0,0,0,0,0,0,0.4,0,0,0,0,0,0,0,0,0,0,0,0,0,0,0,0,0,0
0,0,0,0,0,0,0,0,0,0,0,0,0,0,0,0,0,0,0,0,0,0,0,0,0,0,0,0,0,0,0,0,0,0,0,0,0,0,0,0,0,0,0,0,0.48,0,0.48,0,0,0,0,0,-0.24,0,0,0,0,0,0,0,0,0,0,0,0,0,0,0,0,0,0,0,0,0,0,0,0,0,0,0
0,0,0,0,0,0,0,0,0,0,0,0,0,0,0,0,0,0,0,0,0,0,0,0,0,0,0,0,0,0,0,0,0,0,0,0,0,0,0,0,0,0,0,0,-0.19474,0,0,0,0,0,0,0,0.19474,0,0,0,0,0,0,0,0,0.19474,0.3494,0,0,0,0,0,0,0,0,0,0,0,0,0,0.13319,0,0,0.13319
0,0,0,0,0,0,0,0,0,0,0,0,0,0,0,0,0,0,0,0,0,0,0,0,0,0,0,0,0,0,0,0,0,0,0,0,0,0,0,0,0,0,0,0,0,-0.31628,0,0,0,0,0,0,-0.31628,0,0,0,0,0,0,0,0,0,0.31628,0,0,0,0,0,0,-0.25117,0,0,0,0,0,0,0,0,0,0
0,0,0,0,0,0,0,0,0,0,0,0,0,0,0,0,0,0,0,0,0,0,0,0,0,0,0,0,0,0,0,0,0,0,0,0,0,0,0,0,0,0,0,0,0,0,0,0,0,0,0,0,0,0,0,0,0,0,0,0,0,0,0,1.2,0,0,0,0,0,0,0,0,0,0,0,0,0,0,0,0
0,0,0,0,0,0,0,0,0,0,0,0,0,0,0,0,0,0,0,0,0,0,0,0,0,0,0,0,0,0,0,0,0,0,0,0,0,0,0,0,0,0,0,0,-1.2,0,0,0,0,0,0,0,0,0,0,0,0,0,0,0,0,0,0,0,0,0,0,0,0,0,0,0,0,0,0,0,0,0,0,0
0,0,0,0,0,0,0,0,0,0,0,0,0,0,0,0,0,0,0,0,0,0,0,0,0,0,0,0,0,0,0,0,0,0,0,0,0,0,0,0,0,0,0,0,0,0,0,0,0,0,0,0,0,0,0,0,0,0,0,0,0,0,0,0,0,0,0,0.6,0,0,0,0,0,0,0,0,0,0.6,0,0
0,0,0,0,0,0,0,0,0,0,0,0,0,0,0,0,0,0,0,0,0,0,0,0,0,0,0,0,0,0,0,0,0,0,0,0,0,0,0,0,0,0,0,0,0,0,0,0,0,0,0,0,0,0,0,0,0,0,0,0,0,0,0,0,0,0,0,0,0,0,0,0,0,0,0,0,0,0,0,0
0,0,0,0,0,0,0,0,0,0,0,0,0,0,0,0,0,0,0,0,0,0.15,0.15,0,0,0,0,0,0,0,0,0,0,0,0,-0.15,0,0,0,0,0.3,0,0,0,0,0,0,0,0,0,0,0,0,0,0.15,0,0,0,0,0,0,0,0,0,0,0.3,0,0,0,0,0,0,0,0,0,0,0,0,0,0
0,0,0,0,0,0,0,0,0,0,0,0,0,0,0,0,0,0,0,0,0,0,0,0,0,0,0,0,0,0,0,0,0,0,0,0,0,0,0,0,0,0,0,0,0,0,0,0,0,0,0,0,0,0,0,0,0,0,0,0,0,0,0,0,0,0,0,0,0,0,0,0,0,0,0,0,0,0,0,0
0,0,0,0,0,0,0,0,0,0,0,0,0,0,0,0,0,0,0,0,0,0,0,0,0,0,-0.2,0,0,0,0,0,0,0,0,0,0,0,0,0,0.4,0,0.2,0,0,0,0,0,0,0,0,0,0,0,0,0,0,0,0,0,0,0,0,0,0,0.4,0,0,0,0,0,0,0,0,0,0,0,0,0,0
0,0,0,0,0,0,0,0,0,0,0,0,0,0,0,0,0,0,0,0,0,0,0,0,0,0,0,0,0,0,0,0,0,0,0,0,0,0,0.17143,0,0.34286,0,0,0,0,0,0,0,0,0,-0.17143,0,0,0,0,0,0,0,0,0,0,0,0,0,0,0.34286,0,0,0,0,0,0,0,0,0.17143,0,0,0,0,0
0,0,0,0,0,0,0,0,0,0,0,0,0,0,0,0,0,0,0,0,0,0,0,0,0,0,0,0,0,0,0,0,0,0,0,0,0,0,0,0,0,0,0,0,0,1.2,0,0,0,0,0,0,0,0,0,0,0,0,0,0,0,0,0,0,0,0,0,0,0,0,0,0,0,0,0,0,0,0,0,0
0,0,0,0,0,0,0,0,0,0,0,0,0,0,0,0,0,0,0,0,0,0,0,0,0,0,0,0,0,0,0,0,0,0,0,0,0,0,0,0,0,0,0,0,0.17143,0.17143,0,0,0,0,0,-0.17143,0,0,0,0,0,0,0,0,0,0,0,0.51429,0,0,0,0,0,0,0,0,0,0,0,0,0,0.17143,0,0
0,0,0,0,0,0,0,0,0,0,0,0,0,0,0,0,0,0,0,0,0,0,0,0,0,0,0,0,0,0,0,0,0,0,0,0,0,0,0,0,0,0,0,0,0,-1.2,0,0,0,0,0,0,0,0,0,0,0,0,0,0,0,0,0,0,0,0,0,0,0,0,0,0,0,0,0,0,0,0,0,0
0,0,0,0,0,0,0,0,0,0,0,0,0,0,0,0,0,0,0,0,0,0,0,0,0,0,0,0,0,0,0,0,0,0,0,0,0,0,0,0,0,0,0,0,0,0,0,0,0,0,0,0,0,0,0,0,0,0,0,0,0,0.3,0.3,0.59999,0,0,0,0,0,0,0,0,0,0,0,0,0,0,0,0
0,0,0,0,0,0,0,0,0,0,0,0,0,0,0,0,0,0,0,0,0,0,0,0,0,0,0,0,0,0,0,0,0,0,0,0,0,0,0,0,0,0,0,0,0,0,0,0.24,0,0,0,-0.24,0,0,0,0,0,0,0,0,0,0,0,0.48,0,0,0,0,0,0,0,0,0,0,0,0,0.24,0,0,0
0,0,0,0,0,0,0,0,0,0,0,0,0,0,0,0,0,0,0,0,0,0,0,0,0,0,-0.3,0,0,0,0,0,0,0.3,0,0,0,0,0,0,0,0,0.3,0,0,0,0,0,0,0,0,0,0,0,0,0,0,-0.3,0,0,0,0,0,0,0,0,0,0,0,0,0,0,0,0,0,0,0,0,0,0
0,0,0,0,0,0,0,0,0,0,0,0,0,0,0,0,0,0,0,0,0,0,0,0,0,0,0,0,0.1,-0.1,-0.2,-0.1,0,0,0,0,0,-0.1,0,0,0,0,0,0,0,0,0,0,0,0,0,0,0,0,0,0,0,0,0,0,0,0,0,0,0.1,0,0,0,0,0,0,0,0.2,0,0.1,0,0,0,0.2,0
0,0,0,0,0,0,0,0,0,0,0,0,0,0,0,0,0,0,0,0,0,0,0,0,0,0,0,0,0,0,0,0,0,0,0,0,0,0,0,0,0,0,0,0,0,0,0,-0.4,0,0,0,0,0,0,0,0,0,0,0,0,0,0,0,0,0,0,0,-0.4,0,0.4,0,0,0,0,0,0,0,0,0,0
0,0,0,0,0,0,0,0,0,0,0,0,0,0,0,0,0,0,0,0,0,0,0,0,0,0,0,0,0,0,0,0,0,0,0,0,0,0,0,0,0,0,0,0,0,0,-1.2,0,0,0,0,0,0,0,0,0,0,0,0,0,0,0,0,0,0,0,0,0,0,0,0,0,0,0,0,0,0,0,0,0
0,0,0,0,0,0,0,0,0,0,0,0,0,0,0,0,0,0,0,0,0,0,0,0,0,-0.3,-0.3,0,0,0,0,0,0,0,0,0,0,0,0,0,0.3,0,0.3,0,0,0,0,0,0,0,0,0,0,0,0,0,0,0,0,0,0,0,0,0,0,0,0,0,0,0,0,0,0,0,0,0,0,0,0,0
0,0,0,0,0,0,0,0,0,0,0,0,0,0,0,0,0,0,0,0,0,0,0,0,0,0,0,0,0,0,0,0,0,0,0,0,0,0,0,0,0,0,0,0,0,0,0,0,0,0,0,0,0,0,0,0,0,0,0,0,0,0,0.6,0.6,0,0,0,0,0,0,0,0,0,0,0,0,0,0,0,0
0,0,0,0,0,0,0,0,0,0,0,0,0,0,0,0,0,0,0,0,0,0,-0.12,0,0,0,0,0.12,0.12,0,0,0,0,0,0,0,0,0,0,0.12,0,0,-0.12,0,0,0,0,0,0,0.12,0,0,0,0,0,0.12,0,0,0,0,0,0,0,0,0.12,0,0,0,0,0,0,0,0.12,0,0,0,0,0,0.12,0
0,0,0,0,0,0,0,0,0,0,0,0,0,0,0,0,0,0,0,0,0,0,0,0,0,0,0,0,0,0,0,0,0,0,0,0,0,0,0,0,0,0,0,0,0,0,0,0,0,0,0,0,0.6,0,0,0,0,0,0,0,0,0,0,0,0,0,0,-0.6,0,0,0,0,0,0,0,0,0,0,0,0
0,0,0,0,0,0,0,0,0,0,0,0,0,0,0,0,0,0,0,0,0,0,0,0,0,0,0,0,-0.24839,0,0,-0.47581,0,0,0,0,0,0,0,0,0,0,0,0,0,0,0,0,0,0,0,0,0,0,0,0,0,0,0,0,0,0,0,0,0.4758,0,0,0,0,0,0,0,0,0,0,0,0,0,0,0
0,0,0,0,0,0,0,0,0,0,0,0,0,0,0,0,0,0,0,0,0,0,0,0,0,0,0,0,0,0,0,0,0,0,0,0,0,0,0,0,0,0,0,0,0,0.29673,0,0,0,0,0,0,0,0,0,0,0,0,0,0,0,0,0,0,0,0,0,0.29673,0,0.29673,0,0,0,0,0,0,0.15491,0,0,0.15491
0,0,0,0,0,0,0,0,0,0,0,0,0,0,0,0,0,0,0,0,0,0,0,0,-0.17143,0,-0.17143,0,0,0,0,0,0,0.17143,0,0,0,0,0,0,0.17143,0,0.17143,0.17143,0,0,0,0,0,0,0,0,0,0,0,0,0,0,0,0,0,0,0,0,0,0.17143,0,0,0,0,0,0,0,0,0,0,0,0,0,0
0,0,0,0,0,0,0,0,0,0,0,0,0,0,0,0,0,0,0,0,0,0,0,0,0,0,0,0,0,0,0,0,0,0,0,0,0,0,0,0,0,0,0,0,-0.3,0,0,0,0,0,0,0,0,0,0,0,0,0,0,0,-0.3,-0.3,0,-0.3,0,0,0,0,0,0,0,0,0,0,0,0,0,0,0,0
